======================== Bloco 0 ========================
index: 0
previous_hash: 0
transactions: 0
timestamp: 1718252628.9571862
======================== Bloco 1 ========================
index: 1
previous_hash: 4d2205d3bc8a652163681af160ee3302060b7509a77c40cc8745615daf9ca3f8
transactions: 2
	senderPublicKey: b'hO8\x05"lg7(8G\x1eN\x8d\xc2\x03\xee\x185\x06?[\x85\x12\xd5\x8f\x08\x8a\x86A\xf7}(\xd0gBXq\x8d\xf2\xda\xbf\xef\xfa\xa4+<\xdd\x1f\xa3-e\xc9\x18\xa8\xd3\xf3\x0b\xfb\x02U\x07\xd2\xa2'
	sender: 0xbc35c8d789e8e142a85fefe407a812fd3d154b44db
	receiver: 0xbc29a540d8e2083c68a709dd9fef05f2d9aef73fcc
	amount: 10
	signature: 93095eb941e0e3f186b49fb394b215341e90fbdb7b3a4ed23efd73e8f31b13dbbc60369713589ed659388662cdbed2e747c652bf2e876494b3964f808d5a2b56
	senderPublicKey: b'hO8\x05"lg7(8G\x1eN\x8d\xc2\x03\xee\x185\x06?[\x85\x12\xd5\x8f\x08\x8a\x86A\xf7}(\xd0gBXq\x8d\xf2\xda\xbf\xef\xfa\xa4+<\xdd\x1f\xa3-e\xc9\x18\xa8\xd3\xf3\x0b\xfb\x02U\x07\xd2\xa2'
	sender: 0xbc35c8d789e8e142a85fefe407a812fd3d154b44db
	receiver: 0xbc29a540d8e2083c68a709dd9fef05f2d9aef73fcc
	amount: 10
	signature: a627ba9d5ec2e40a744fc6768451db72907cb750ec50fbdfccdf442e721201b4514df66224d28fd3c10a394d52fc5bf56787b47e537a8dec28a4a98881105ef2
timestamp: 1718252638.9108105
======================== Bloco 2 ========================
index: 2
previous_hash: 0000894507139081bedb868752bad7d40d33fe4d333759b3e875d95b97ffd0a0
transactions: 2
	senderPublicKey: None
	sender: Blockchain
	receiver: 0xbcf1e6e85f1e2b6b964a70d07533360ecb76b827f7
	amount: 50
	signature: None
	senderPublicKey: b'hO8\x05"lg7(8G\x1eN\x8d\xc2\x03\xee\x185\x06?[\x85\x12\xd5\x8f\x08\x8a\x86A\xf7}(\xd0gBXq\x8d\xf2\xda\xbf\xef\xfa\xa4+<\xdd\x1f\xa3-e\xc9\x18\xa8\xd3\xf3\x0b\xfb\x02U\x07\xd2\xa2'
	sender: 0xbc35c8d789e8e142a85fefe407a812fd3d154b44db
	receiver: 0xbc29a540d8e2083c68a709dd9fef05f2d9aef73fcc
	amount: 10
	signature: c70ba89a27f2ed6758666c90031a54c88bd6b64700a88df6fd367c38343a7fc510e8f2b1b2a9dedf1c50900ee22c75e8ced3ef0f2937d8f3c82ca013df84b8ff
timestamp: 1718252647.605524
======================== Bloco 3 ========================
index: 3
previous_hash: 0000f6f28bb2923023e75ee053b7b8127ed10baa78f4b64c7482b7909e565929
transactions: 1
	senderPublicKey: None
	sender: Blockchain
	receiver: 0xbcf1e6e85f1e2b6b964a70d07533360ecb76b827f7
	amount: 50
	signature: None
timestamp: 1718252684.3229024
